# Multiple color panel -----------------
## It was recommended to use Polychrome packages to create a color palette that are well seperated.
c68 <- c("#F51C0D","#16FE0D","#2A22F3","#F0CAC8","#FB0DDB","#00DBFE","#EDE816","#0D8942","#FE9535","#663282","#A71655","#CB00FC","#FF9BE8","#2A636A","#947300","#00FEDD","#88A1FC","#6C3D45","#D5EBA3","#FF0094","#B8E9E9","#89D422","#E14D45","#FD9A97","#32FB97","#C0AFE0","#D283FA","#A30097","#FDC44D","#737D58","#FB5CBB","#5A2AB4","#0D6094","#9F4700","#16A795","#BF658B","#95F2B7","#FED8A3","#7E9800","#F82263","#A35FFD","#2285FE","#F65FFE","#75ADCD","#959099","#FB5A8A","#BD856E","#92628B","#C5D0B7","#C4B43B","#E89B62","#0DA8E7","#822E35","#5DE9EB","#FEC4EC","#8F00B3","#1CB232","#F668DE","#9878CE","#A61C79","#FC7216","#76AE86","#F87AA3","#E3DDEF","#CEE769","#E7ABFD","#53475A","#0D56B2")

# Personalized color panel----
Binomial_color_panel <- c("TRUE" = "#E64B35", "FALSE" = "lightgrey")
Global_Cluster_color_panel <- c("B cell" = "#69B4CE", "CD4 T cell" = "#ECAFCF", "CD8 T cell" = "#BB4A94",  "ILC" = "#A0D7C9", "Myeloid cell" = "#EAA944", "Epithelial cell" = "#CAA57D", "Fibroblast" = "#F3746C", "Malignant cell" = "#C35338", "Unknown cell" = "#C35338", "Lymphocyte" = "#F3746C")
Sub_Cluster_color_panel <- c()
Tissue_color_panel <- c("T" = '#E64B35', "Tumor" = '#E64B35', "N" = '#00A087', "Normal" = '#00A087', "P" = '#F0CE39', "Blood" = '#F0CE39', "LN" = "#8da0cb") 
Sample_color_panel <- c()
Treatment_color_panel <- c()
Day_color_panel <- c()
